marker_matcher:
  ros__parameters:
    intrinsic_matrix_0: [1.625893413043423834e+03,
                         0.000000000000000000e+00,
                         6.114691731926437797e+02,
                         0.000000000000000000e+00,
                         1.627862275377948436e+03,
                         3.442905394831098533e+02,
                         0.000000000000000000e+00,
                         0.000000000000000000e+00,
                         1.000000000000000000e+00]
                            
    intrinsic_matrix_2: [1.643897500487360958e+03,
                         0.000000000000000000e+00,
                         6.331059905866444524e+02,
                         0.000000000000000000e+00,
                         1.644507446745634525e+03,
                         4.104213200244599307e+02,
                         0.000000000000000000e+00,
                         0.000000000000000000e+00,
                         1.000000000000000000e+00]
                            
    distortion_coefficients_0: [-4.651310162780882829e-01,
                                 1.155267936131824769e+00,
                                 1.167411746319183463e-03,
                                -2.916910641819991240e-03,
                                -4.800582359567718171e+00]
                                   
    distortion_coefficients_2: [-4.406292722105036863e-01,
                                 6.144566270688359699e-01,
                                -4.114959705194415080e-04,
                                 3.609129552096484832e-03,
                                -1.062926450840262271e+00]
                                   
    fundamental_matrix: [ 2.788205547579751480e-09,
                         -1.140706673629221446e-07,
                          1.251186110662436297e-04,
                         -1.055750673157773724e-07,
                          2.086353343571187610e-08,
                          7.662657768321983094e-04,
                          1.298528730735757730e-04,
                         -6.466647445016182605e-04,
                         -1.473150100904402071e-01]
                         
    fc1_weights: [ 1.107577160000801086e-01,
                  -2.110116928815841675e-01,
                   5.040923953056335449e-01,
                   1.057651281356811523e+00,
                  -1.417892724275588989e-01,
                  -2.795572020113468170e-02,
                   4.615975022315979004e-01,
                   2.674742937088012695e-01,
                  -5.981937050819396973e-01,
                  -3.654408454895019531e-01,
                  -2.115945219993591309e-01,
                  -6.231786608695983887e-01,
                   5.747562050819396973e-01,
                  -1.945291906595230103e-01,
                  -7.158629130572080612e-03,
                   6.272662281990051270e-01,
                  -3.933658450841903687e-02,
                  -6.542035937309265137e-02,
                  -5.990573167800903320e-01,
                   1.125127151608467102e-01,
                  -2.616750299930572510e-01,
                   6.961605548858642578e-01,
                  -7.248323559761047363e-01,
                  -5.345291271805763245e-02]

    fc1_bias: [ 1.480304002761840820e-01,
               -4.274973273277282715e-01,
                3.329758942127227783e-01,
               -2.745757400989532471e-01,
                4.687452747020870447e-04,
               -1.389517039060592651e-01,
               -1.900129318237304688e-01,
               -4.783460497856140137e-01]
    
    fc2_weights: [-3.647345602512359619e-01,
                  -6.143497824668884277e-01,
                  -1.967855989933013916e-01,
                  -1.578711867332458496e-01,
                  -2.632372379302978516e-01,
                  -4.782442748546600342e-01,
                   5.975712537765502930e-01,
                  -6.789788007736206055e-01,
                  -2.152233719825744629e-01,
                   7.562868595123291016e-01,
                  -1.911193430423736572e-01,
                   6.031747460365295410e-01,
                   4.886300563812255859e-01,
                   7.774710059165954590e-01,
                  -1.882606446743011475e-01,
                  -8.172328770160675049e-02,
                  -2.212124317884445190e-01,
                   7.603730559349060059e-01,
                   7.286307960748672485e-02,
                  -1.163541600108146667e-01,
                  -2.881661355495452881e-01,
                   6.943889260292053223e-01,
                   5.211482644081115723e-01,
                   7.571390271186828613e-01]
    
    fc2_bias: [5.126282572746276855e-01,
               3.272598385810852051e-01,
               3.699794709682464600e-01]
    
    maximum_value: [1280.0, 720.0, 15.0]
    
marker_triangulator:
  ros__parameters:
    projection_matrix_0: [1.625893413043423834e+03,
                          0.000000000000000000e+00,
                          6.114691731926437797e+02,
                          0.000000000000000000e+00,
                          0.000000000000000000e+00,
                          1.627862275377948436e+03,
                          3.442905394831098533e+02,
                          0.000000000000000000e+00,
                          0.000000000000000000e+00,
                          0.000000000000000000e+00,
                          1.000000000000000000e+00,
                          0.000000000000000000e+00]
                             
    projection_matrix_2: [ 1.103308283516154916e+03,
                           3.828775827496751276e+02,
                           1.318839556419843802e+03,
                          -1.708313335405892758e+03,
                          -5.530340494747171078e+02,
                           1.589892071589722946e+03,
                           1.981084126184499041e+02,
                           3.389755583566757764e+02,
                          -4.733268954563312203e-01,
                          -1.624386527499366989e-02,
                           8.807370702307238952e-01,
                           3.122803150278867790e-01]

marker_tracker:
  ros__parameters:
    marker_geometry: [0.25372957696, 0.20615528128, 0.32692307692]
                           
    marker_geometry_angle: [1.5707963267948966, 0.6823165549405557,  0.8884797718543409]

    world_rotation_matrix: [0.0, 1.0,  0.0,
                            1.0, 0.0,  0.0,
                            0.0, 0.0, -1.0]
                            
    world_translation_vector: [-0.66, -0.24, 0.0]
    
    object_rotation_matrix: [-0.63059262514554,     0.7761140000747676,  0.0,
                             -0.7761140000747676,  -0.63059262514554,    0.0,
                              0.0,                  0.0,                 1.0]
                              
    object_translation_vector: [0.10089482002328641, 0.12417824001196281, 0.0]

/**:
  ros__parameters:
    rotation_matrix_0: [-9.659986490957758187e-01,
                         2.564896908494146421e-01,
                        -3.255224159881871249e-02,
                        -1.205959784431686332e-01,
                        -5.583614848276672316e-01,
                        -8.207856372064372685e-01,
                        -2.286989722943043590e-01,
                        -7.889521473125060691e-01,
                         5.703080652792088534e-01]
                            
    rotation_matrix_2: [-9.592521903369720659e-01,
                        -2.797037025858294945e-01,
                         4.001342391622422778e-02,
                         1.164072949397831902e-01,
                        -5.202539134917233410e-01,
                        -8.460409016007137684e-01,
                         2.574579131013920996e-01,
                        -8.069087335357847390e-01,
                         5.316142574509750141e-01]
                            
    translation_vector_0: [ 1.593791391124855794e-01,
                           -8.560620278329582333e-02,
                            2.951255116867832484e+00]
                               
    translation_vector_2: [ 3.237276846596536806e-01,
                           -2.828835220492980640e-01,
                            2.837666216447339629e+00]

